L     STN     LAT     LONG    ELV DELAY     FMGC  XMGC KL  PRR  CALR IC      DATE HRM
 1    CMDT 4046.76N  1424.52E  174   .10      .00    .00 0  .00    .00 0          0   
 2    VARP 4048.99N  1424.61E  629   .40      .00    .00 0  .00    .00 0          0   
 3    VBKN 4049.79N  1425.79E  951   .40      .00    .00 0  .00    .00 0          0   
 4    CRTO 4049.27N  1425.34E 1121   .40      .00    .00 0  .00    .00 0          0   
 5    VTIR 4048.35N  1425.46E  611   .40      .00    .00 0  .00    .00 0          0   
 6    VCRE 4049.14N  1425.88E 1113   .40      .00    .00 0  .00    .00 0          0   
 7    VVDG 4050.14N  1425.43E  855   .40      .00    .00 0  .00    .00 0          0   
 8    VEPO 4048.40N  1420.21E   10   .00      .00    .00 0  .00    .00 0          0   
 9    SANA 4052.59N  1422.90E   93   .00      .00    .00 0  .00    .00 0          0   
10    VCNE 4049.60N  1426.04E  966   .00      .00    .00 0  .00    .00 0          0   
11    VOVO 4049.65N  1423.80W  493   .00      .00    .00 0  .00    .00 0          0   
12     CAP 4048.35N  1411.55E  166   .04      .00    .00 0  .00    .00 0          0   
13     PPV 4045.21N  1429.02W   29   .10      .00    .00 0  .00    .00 0          0   
14     HR9 4048.30N  1420.93E   34   .01      .00    .00 0  .00    .00 0          0   
15     TRZ 4048.42N  1428.52E  175   .06      .00    .00 0  .00    .00 0          0   
16     TDG 4048.35N  1423.53E  300   .10      .00    .00 0  .00    .00 0          0   
17     OTV 4050.35N  1427.98E  363   .12      .00    .00 0  .00    .00 0          0   
18     CPV 4046.93N  1425.33E  190   .06      .00    .00 0  .00    .00 0          0   
19     SMC 4051.12N  1426.08E  406   .14      .00    .00 0  .00    .00 0          0   
20     SSB 4050.47N  1422.23E  175   .06      .00    .00 0  .00    .00 0          0   
21     AN9 4033.07N  1413.01E  250   .05      .00    .00 0  .00    .00 0          0   
22     MSC 4111.49N  1358.28E  190   .04      .00    .00 0  .00    .00 0          0   
23     MT9 4014.18N  15 3.94E 1130   .22      .00    .00 0  .00    .00 0          0   
24     MTST 4014.27N  15 3.92E 1125   .22      .00    .00 0  .00    .00 0          0   
25     NL9 4055.23N  1432.70E   88   .03      .00    .00 0  .00    .00 0          0   
26     OVO 4049.65N  1423.80E  584   .19      .00    .00 0  .00    .00 0          0   
27     POB 4051.13N  1423.00E  170   .00      .00    .00 0  .00    .00 0          0   
28     OC9 4044.75N  1354.05E  123   .04      .00    .00 0  .00    .00 0          0   
29     CAI 4043.88N  1357.92E   80   .02      .00    .00 0  .00    .00 0          0   
30     PE9 4114.00N  1450.00E  395   .08      .00    .00 0  .00    .00 0          0   
31     SGG 4123.20N  1422.75E  880   .18      .00    .00 0  .00    .00 0          0   
32     SOR 4034.92N  1420.10E  497   .10      .00    .00 0  .00    .00 0          0   
33     TR9 41 2.75N  1513.92E 1094   .22      .00    .00 0  .00    .00 0          0   
34     BKE 4049.08N  1426.33E  863   .29      .00    .00 0  .00    .00 0          0   
35    CPOZ 4049.27N  14 7.12E    3   .00      .00    .00 0  .00    .00 0          0   
36    CSFB 4049.71N  14 8.39E  -96   .00      .00    .00 0  .00    .00 0          0   
37    CSOB 4049.65N  14 8.66E  175   .10      .00    .00 0  .00    .00 0          0   
38    CPIS 4049.75N  14 8.82E   77   .10      .00    .00 0  .00    .00 0          0   
39    COLB 4049.12N  14 8.84E   22   .10      .00    .00 0  .00    .00 0          0   
40    CAAM 4049.20N  14 8.44E  130   .10      .00    .00 0  .00    .00 0          0   
41    CMSA 4050.29N  1410.91E  200   .10      .00    .00 0  .00    .00 0          0   
42    CBAC 4048.58N  14 4.96E   40   .00      .00    .00 0  .00    .00 0          0   
43    CSFT 4049.79N  14 8.31E  107   .03      .00    .00 0  .00    .00 0          0   
44    CDOV 4049.20N  1410.95E   15   .03      .00    .00 0  .00    .00 0          0   
45    IOCA 4044.75N  1354.05E  123   .04      .00    .00 0  .00    .00 0          0   
46    CFMN 4049.97N  14 5.42E   59   .00      .00    .00 0  .00    .00 0          0   
47    QUAR 4053.14N  14 9.23E  144   .00      .00    .00 0  .00    .00 0          0   
48    MRUS 4051.74N  14 4.79E  207   .00      .00    .00 0  .00    .00 0          0   
49    ARCO 4050.63N  14 5.60E   75   .00      .00    .00 0  .00    .00 0          0   
50    CBAG 4048.69N  1410.48E -175   .00      .00    .00 0  .00    .00 0          0   
51     BAC 4048.58N  14 4.96E   15   .00      .00    .00 0  .00    .00 0          0   
52     FO9 4042.65N  1351.32E  234   .08      .00    .00 0  .00    .00 0          0   
53     NIS 4047.81N  14 9.80E    3   .00      .00    .00 0  .00    .00 0          0   
54     POZ 4049.22N  14 7.23E    3   .00      .00    .00 0  .00    .00 0          0   
55     SFT 4049.79N  14 8.31E   90   .03      .00    .00 0  .00    .00 0          0   
56     SOF 4049.62N  14 8.50E   98   .03      .00    .00 0  .00    .00 0          0   
57     DEM 4050.10N  14 6.85E   40   .01      .00    .00 0  .00    .00 0          0   
58     SOL 4049.77N  14 8.19E  102   .00      .00    .00 0  .00    .00 0          0   
59     DMP 4050.10N  14 6.85E   40   .00      .00    .00 0  .00    .00 0          0   
60     ASO 4050.41N  14 8.46E  200   .00      .00    .00 0  .00    .00 0          0   
61     ASE 4050.46N  14 9.55E  100   .00      .00    .00 0  .00    .00 0          0   
62     STH 4049.78N  14 9.00E   40   .04      .00    .00 0  .00    .00 0          0   
63     PG9 4036.90N  1548.42E  907   .30      .00    .00 0  .00    .00 0          0   
64     SLF 4049.71N  14 8.39E  102   .04      .00    .00 0  .00    .00 0          0   
65     IFOR 4042.65N  1351.32E  170   .00      .00    .00 0  .00    .00 0          0   
66    T361 4045.40N  1352.73E    7   .00      .00    .00 0  .00    .00 0          0   
67    T363 4044.73N  1354.81E   50   .00      .00    .00 0  .00    .00 0          0   
68    T365 4042.08N  1355.09E  130   .00      .00    .00 0  .00    .00 0          0   
69    T366 4044.24N  1354.27E  213   .00      .00    .00 0  .00    .00 0          0   
70    T368 4043.12N  1353.14W  314   .00      .00    .00 0  .00    .00 0          0   
71    T367 4044.61N  1353.71W   81   .00      .00    .00 0  .00    .00 0          0   
72   CASOV 4050.42N  14 8.35W  235   .00      .00    .00 0  .00    .00 0          0   
73    CASO 4050.42N  14 8.35W  235   .00      .00    .00 0  .00    .00 0          0   
74    CMIS 4046.69N  14 5.34W   25   .00      .00    .00 0  .00    .00 0          0   
75    IMTC 4043.25N  1352.55W   59   .00      .00    .00 0  .00    .00 0          0   
76    CCAG 4049.27N  14 7.12E   30   .00      .00    .00 0  .00    .00 0          0   
77    CFB1 4048.62N  14 7.27W  -40   .00      .00    .00 0  .00    .00 0          0   
78    CFB2 4048.25N  14 8.03W  -74   .00      .00    .00 0  .00    .00 0          0   
79    CFB3 4048.54N  14 8.66W  -38   .00      .00    .00 0  .00    .00 0          0   
80    CIRC 4049.90N  1411.84W   68   .00      .00    .00 0  .00    .00 0          0   
81    CCCA 4049.96N  14 7.42W   70   .00      .00    .00 0  .00    .00 0          0   
82    PTMR 4045.68N  14 2.09W   75   .00      .00    .00 0  .00    .00 0          0   
83    IMNT 4044.17N  1356.08W  180   .00      .00    .00 0  .00    .00 0          0   
84    IBRN 4042.84N  1355.61W  150   .00      .00    .00 0  .00    .00 0          0   
85    IPSM 4044.77N  1356.63W   10   .00      .00    .00 0  .00    .00 0          0   
86    IVLC 4045.55N  1352.33W   70   .00      .00    .00 0  .00    .00 0          0   
87    CCVA 4051.37N  1407.06E  -25   .00      .00    .00 0  .00    .00 0          0   0
88    CGAU 4051.14N  1406.78E  101   .00      .00    .00 0  .00    .00 0          0   
89    CLAC 4053.02N  1404.24E   55   .00      .00    .00 0  .00    .00 0          0   
90    CMDP 4047.78N  1403.76E   55   .00      .00    .00 0  .00    .00 0          0   0  
91    CQUE 4053.14N  1409.23E   65   .00      .00    .00 0  .00    .00 0          0   0 
92    CROS 4049.47N  1409.01E  108   .00      .00    .00 0  .00    .00 0          0   
93    CRUS 4051.75N  1404.79E  104   .00      .00    .00 0  .00    .00 0          0   
94    CSOC 4050.50N  1412.75E  143   .00      .00    .00 0  .00    .00 0          0   
95    CUMA 4050.88N  1403.21E   53   .00      .00    .00 0  .00    .00 0          0   
96    IBCM 4042.69N  1354.97E  309   .00      .00    .00 0  .00    .00 0          0   
97    ICVJ 4044.61N  1353.71E   81   .00      .00    .00 0  .00    .00 0          0   
98    ILSM 4045.05N  1353.24E   20   .00      .00    .00 0  .00    .00 0          0   
99    MOV1 4047.83N  1426.37E  360   .00      .00    .00 0  .00    .00 0          0   
100   V102 4049.78N  1408.85E   69   .00      .00    .00 0  .00    .00 0          0   
101   V104 4051.14N  1406.78E  100   .00      .00    .00 0  .00    .00 0          0   0 
102   V105 4048.48N  1409.56E   14   .00      .00    .00 0  .00    .00 0          0   
103   VBKS 4048.38N  1425.35E  617   .00      .00    .00 0  .00    .00 0          0   
104   VBKW 4049.45N  1424.85E  842   .00      .00    .00 0  .00    .00 0          0   
105   VCDC 4054.98N  1424.58E   95   .00      .00    .00 0  .00    .00 0          0   
106   VSVT 4049.37N  1422.15E  195   .00      .00    .00 0  .00    .00 0          0   0
107   VTVA 4047.83N  1426.38E  366   .00      .00    .00 0  .00    .00 0          0   0